156809.58201495896
155017.0
151020.0
29159.114514191977
15952.230459819999
15125.34354257595
13353.06804261235
10480.784514191973
10438.11451419198
5799.114514191981
4632
4544.600322210981
3073.1145141919806
2245
2170
2143
1765
1682.557999999997
1443
1416.5698407346465
1139
1000
1000
987
807
757
709
635.114514191981
618
617
559
550
527
379
300
300
290.0
287
220.11451419198102
220
204
200.114514191981
200
200
200
200
200
200
200
193.00005418
179
164.62840377329604
150
133.11457489428716
120
120
120
114.51419198099757
110
110
110
110
106.76152761701408
100
100
100
100
100
100
100
100
100
100
100
100
100
100
100
100
100
100
100
100
100
100
100
100
100
100
100
100
100
100
100
100
100
100
100
100
100
100
100
100
100
100
100
100
100
100
97
96.77091110572013
93
89.442000000003
73
60
20
20
20
10
10
10
9
5
0.11451419198100155
0.114514191981
0
0
0
0.0
0
0
0
0
0
0
0
0
0
0
0.0
0.0
0.0
0
0
0
0
0
0
0
0
0
0
0
0
0
0
0
0
0
0
0
0
0
0
0
0
0
0
0
0
0
0
0
0
0
0
0
0
0
0
0
0
0
0
0
0
0
0
0
0
0
0
0
0
0
0
0
0
0
0
0
0
0
0
0
0
0
0
0
0
0
0
0
0
0
0
0
0
0
0
0
0
0
0
0
0
0
0
0
0
0
0
0
0
0
0
0
0
0
0
0
0
0
0
0
0
0
0
0
0
0
0
0
0
0
0
0
0
0
0
0
0
0
0
0
0
0
0
0
0
0
0
0
0
0
0
0
0
0
0
0
0
0
0
0
0
0
0
0
0
0
0
0
0
0
0
0
0
0
0
0
0
0
0
0
0
0
0
0
0
0
0
0
0
0
0
0
0
0
0
0
0
0
0
0
0
0
0
0
0
0
0
0
0
0
0
0
0
0
0
0
0
0
0
0
0
0
0
0
0
0
0
0
0
0
0
0
0
0
0
0
0
0
0
0
0
0
-50
-50
-50
-50
-100
-100
-100
-100
-100
-100
-100
-100
-100
-100
-100
-100
-100
-100
-100
-100
-100
-100
-100
-150
-150
-150
-150
-150
-150
-1145141919749
